.105 .427 .800 1.000 .733 2.429 1.308 .667 .702 .897 .275 .101
.467 .763 .928 .940 .914 .998 .943 .839 .850 .847 .687 .422 
.936 .998 .996 .997 .991 .999 .984 .991 .995 1.001 .990 .901
.978 1.004 .997 1.003 .994 .993 .982 .993 1.001 1.007 1.002 .965 
.986 1.004 1.001 .995 .992 .993 .981 .992 1.003 1.004 1.002 .983
.995 1.002 1.001 .994 .992 .990 .979 .993 .998 1.004 1.001 .990
.998 1.002 1.001 .994 .991 .990 .981 .991 1.003 1.001 1.000 .998 
.998 .999 .998 .997 .990 .990 .979 .988 1.014 1.004 1.000 .993
.996 1.002 1.004 1.048 .987 .991 .979 .988 1.006 1.007 .999 1.000
1.004 1.001 .998 1.011 .991 .992 .979 .990 1.017 .998 .998 1.006
1.023 1.003 .996 .969 .990 .992 .982 .988 .993 1.000 1.003 1.024 
.995 .996 1.008 .963 .988 .989 .980 .985 .971 1.009 1.003 .990
