.911 .994 .983 1.023 .987 .979 .974 .987 .985 .980 .983 .854
.932 1.002 .987 1.015 .992 .998 .981 .988 1.021 1.003 .995 .886
.958 1.003 1.000 1.003 .993 .999 .985 .995 1.008 1.005 .996 .922
.978 1.004 .996 1.002 .994 .993 .982 .993 1.002 1.007 1.001 .966
.986 1.004 1.001 .995 .992 .993 .981 .992 1.003 1.003 1.002 .983
.995 1.002 1.001 .994 .992 .990 .979 .993 .999 1.004 1.001 .990 
.998 1.002 1.001 .995 .991 .990 .982 .991 1.003 1.001 1.000 .998
.998 .999 .998 .995 .990 .990 .979 .988 1.007 1.007 .999 1.001
.996 1.002 1.004 1.045 .987 .991 .979 .988 1.007 1.007 .999 1.001
1.004 1.001 .998 1.011 .992 .992 .979 .990 1.018 .998 .998 1.006
1.023 1.003 .995 .969 .990 .992 .982 .988 .992 1.000 1.004 1.025
.996 .998 1.008 .963 .988 .989 .981 .984 .971 1.009 1.003 .990 
