.114 .321 .207 .063 1.109 .570 .570 1.109 .063 .205 .321 .114
.048 .047 .083 .026 .027 .046 .046 .027 .026 .083 .047 .048
.010 .012 .016 .071 .022 .003 .003 .022 .071 .016 .012 .010
.003 .004 .011 .006 .002 .003 .003 .002 .006 .011 .004 .003
.005 .004 .009 .044 .002 .004 .004 .002 .044 .009 .004 .005
.013 .002 .002 .003 .003 .003 .003 .003 .003 .002 .002 .013
.007 .003 .003 .003 .002 .002 .002 .002 .003 .003 .003 .007
.057 .014 .002 .035 .004 .002 .002 .004 .035 .002 .014 .057
.012 .011 .014 .105 .009 .010 .010 .009 .105 .014 .011 .012
.018 .006 .005 .042 .003 .024 .024 .003 .042 .005 .006 .018
.040 .008 .007 .038 .010 .014 .014 .010 .038 .007 .008 .040
.008 .004 .017 .321 .007 .015 .015 .007 .321 .017 .004 .008
