.021 .022 .119 .020 .035 .012 .012 .035 .020 .120 .022 .020
.007 .027 .036 .037 .007 .020 .020 .007 .037 .036 .027 .007
.008 .011 .013 .026 .018 .004 .004 .018 .026 .013 .011 .008
.004 .004 .011 .006 .002 .002 .002 .002 .006 .011 .004 .004
.005 .004 .008 .045 .001 .004 .004 .001 .045 .008 .004 .005
.013 .002 .002 .003 .003 .003 .003 .003 .003 .002 .002 .013
.007 .003 .003 .003 .002 .002 .002 .002 .003 .003 .003 .007
.057 .014 .002 .035 .004 .002 .002 .004 .035 .002 .014 .057
.012 .011 .014 .105 .009 .010 .010 .009 .105 .014 .011 .012
.018 .006 .005 .041 .003 .024 .024 .003 .042 .005 .006 .018
.040 .008 .007 .038 .010 .014 .014 .010 .039 .007 .008 .040
.008 .004 .017 .321 .007 .015 .015 .007 .321 .017 .004 .008

